49235
31077
98621
8323
75408
19376
77389
36768
14700
86171
61193
73912
28885
52484
76303
26126
90135
95601
59659
22400
79727
89791
56706
57743
41628
90576
67054
16971
98493
39009
79813
18817
18030
80174
31055
64670
34712
90859
53906
82904
43856
41000
31336
70951
36843
55077
27078
93566
73733
62958
72247
8609
45081
55650
58409
29854
68257
8145
7748
10521
7983
26928
8963
12216
42031
51415
23360
78764
72302
92158
93154
67282
33096
41456
38802
38901
60670
12956
96490
36315
7713
94832
93896
81483
50697
7346
87112
14873
35330
76161
46190
60704
8685
54128
69915
67094
15104
4846
2403
26539
6316
27878
95681
32521
21659
35629
66722
63693
23066
53784
26397
55967
61718
92167
13386
73176
83693
62744
7363
29436
90958
2358
74955
22791
47574
96112
81313
27127
93067
38504
8944
38665
83628
25512
7627
62574
61632
85619
97522
52048
60531
73672
90707
75889
4408
41991
90826
89537
54465
11940
36486
58518
33749
57213
1947
84904
76374
36227
66929
47681
71948
2432
29448
5553
5048
97533
14507
87639
8812
23317
15722
81556
60482
97424
19482
85109
59041
55627
9944
43287
38471
364
87124
2209
33283
17781
78681
31326
19956
1737
2569
67560
24549
50340
82209
27812
68053
51608
66192
23870
33939
36045
62837
85418
98435
30243
12576
18739
31504
61639
57684
210
55510
59043
41896
1655
10027
98839
78306
15214
81723
74666
45347
18451
38675
57600
75291
37747
19411
31093
92358
95555
7554
79606
76956
5339
35950
56448
73563
91377
22602
20810
99422
45942
59551
66690
40212
30707
96877
28935
76780
31961
99043
11301
85477
8394
41167
63716
17665
95443
49424
95641
58091
722
99436
17383
41213
70495
11534
93783
41255
75502
15238
63469
7444
97644
70239
33442
35624
42758
98796
66999
30393
6001
58085
707
74781
27733
16414
27488
71763
21941
39755
43226
53834
46173
43135
66855
25242
74988
47613
41263
3886
12910
57342
33929
17252
45742
90684
31133
13523
96027
39948
78311
91508
73115
68078
85215
55286
53092
99303
51757
98957
88316
74810
3025
24131
88860
66228
73633
3899
87148
19072
17967
94476
82937
61393
41774
98662
94284
5905
39079
24924
20490
1738
76012
87386
96230
60342
35023
45553
85888
99137
31693
49979
98832
75483
39352
26550
36415
93542
8471
45120
1298
24078
29839
10806
17841
57322
29703
60576
59672
93569
73388
58648
30598
50651
81006
65166
90360
76060
79467
30400
90734
46050
96144
3758
53004
38040
91373
32036
74412
53607
77826
87942
70963
8101
91371
34944
7075
16978
5148
13616
78028
34878
41887
89282
36266
50404
19188
97458
67790
51437
94872
22847
1235
85446
5569
90655
83448
62529
71911
94972
83907
69248
45986
4598
79819
64869
72537
57696
30755
77283
12419
93888
32605
97375
12559
94424
89736
16915
95719
16037
64810
53326
69872
32438
922
15660
36794
98123
91810
83493
84517
91003
45693
8979
87474
77833
60163
21767
31982
88821
18491
6273
63427
77246
3200
71322
95892
82798
25327
46313
38012
57208
79271
73960
23409
63982
33785
54777
49521
35689
50808
70393
78092
35523
5913
12734
90443
30359
92880
48098
8687
25336
79145
77621
3123
83009
5240
59930
41481
38519
81162
39088
24577
64599
41915
71744
5100
91407
95774
43801
88620
10768
26443
16585
11651
673
53061
30684
6718
30315
71315
56524
66461
6681
48136
97932
63809
32472
92354
59488
89205
40341
78980
71536
65139
57309
62248
80638
35955
48797
16863
72772
14623
53340
91335
19295
20273
39270
65411
11328
32009
62939
83296
1633
69502
15866
63623
77735
31266
67608
67281
65140
59753
61077
76584
8275
27668
97777
48873
95416
44143
92825
61080
17146
8791
80113
20670
1912
39329
72989
49057
5106
73626
95134
39121
88947
40552
79020
13986
10904
93334
40925
58938
87769
27347
4690
66253
55474
46936
11268
62082
2555
28497
19064
44363
65339
51402
46494
5554
95080
4647
68732
92921
91334
39429
20820
49369
36068
38650
36400
54589
29482
68424
43617
75173
89402
33899
46742
97464
73360
47104
29963
51102
93756
29337
57012
94075
96827
30945
94734
38522
60465
89303
23326
41584
43653
38921
316
18665
26537
58867
82612
3116
5819
50069
78962
41657
15407
18398
90803
35646
28585
80590
24727
27251
70816
36511
55202
26719
77592
99617
78050
42454
9870
64207
47512
69338
32210
23966
82633
92107
53269
54094
68155
86059
71716
23941
36247
97852
85668
56907
36533
92972
52587
56146
49341
94504
58665
63115
86978
88517
63830
72406
15382
7676
31768
82431
97022
52576
29410
48785
52264
29339
46542
59704
77847
36952
5080
22800
93135
56799
97863
13493
66623
96967
17275
85433
21791
5003
86407
25043
75893
12374
99631
24084
81371
29077
78124
76193
41854
29856
23128
61095
78146
94691
88878
31805
39104
55385
26684
39275
64026
2658
51463
49106
37142
83356
86909
10717
69235
61753
3167
90282
73132
3892
10617
69146
3282
258
65115
80338
74658
59526
72392
29207
49808
42326
17438
13949
79921
34756
16808
27346
97682
31476
79782
36874
77276
85824
61445
88177
37034
27691
3268
99085
12730
47956
28692
56090
85181
84010
85164
43931
60190
19200
6559
6072
83612
23343
25925
59342
32151
77894
29139
46219
43551
6069
99504
86791
4443
63295
10442
2285
1369
84981
69794
24591
40270
80984
97656
58
28507
27680
14424
21025
51252
16260
47563
80885
2063
45221
50313
57065
54674
35783
16933
30643
93310
53880
31973
18069
45310
62251
8774
37805
21021
28946
19935
38664
21775
75115
98948
90926
39913
69622
27318
28950
51843
64711
12486
58078
78259
84323
60253
23469
38389
57733
30462
58986
49754
16610
73679
15672
28594
38423
65207
39372
69411
94962
63877
81476
54219
84589
57739
41267
36093
61888
90956
17763
94454
28138
46423
37914
29655
44796
73782
42073
63615
35949
79822
67626
46485
98026
68390
98886
57859
24000
28815
14626
36387
45919
49144
53397
12836
85387
51777
14283
66926
34679
85187
80736
43167
9398
31920
31305
65373
80231
39801
64934
56981
97040
61004
96611
982
54464
73102
88830
7029
99610
16394
5770
80370
3302
44558
46327
66156
42962
83847
5839
80778
69910
3063
58741
30745
10147
47194
8550
4831
28492
17238
27105
72139
26753
91246
47361
61667
12530
94620
74798
42146
47768
42070
21099
47426
21179
50358
53290
96028
71212
68192
97003
95333
41341
54760
9753
3821
51505
3271
34302
54232
12706
91739
46843
20579
4697
9471
6135
60288
97762
1137
33030
13890
81050
20372
62993
3263
16412
90497
1832
24216
30829
25374
7848
21628
63150
61760
12551
56411
32668
33827
22865
32772
77090
21138
10186
44977
60775
87676
52126
93020
23496
35634
6993
59035
76000
93201
59144
79787
25351
44498
79175
33300
97897
90351
22592
31790
1465
19331
75216
21611
20055
32057
99892
10794
618
74625
32463
25859
77775
40234
33475
62482
70001
16276
76255
91073
77750
62657
72231
27038
94035
62617
85935
2908
57530
54444
52974
38733
79682
13011
83867
23063
99234
91370
84328
11853
10988
7183
30327
92489
52540
59950
10080
7149
30645
56716
28790
53101
67956
1319
84228
2598
79514
22728
54401
61971
76474
56692
30049
40713
4138
51483
92753
14234
26022
46700
19378
3672
23770
50792
31946
59307
6935
25329
60636
86188
38048
93214
53356
84833
89446
13617
48805
56863
73227
12354
64426
38913
95352
73677
19599
73758
67226
37860
90419
98314
19525
41405
65078
79254
99378
80774
51943
35246
60184
25628
30921
38852
73867
25401
59435
1200
68333
67306
12350
75054
60332
87572
41083
1495
60939
57542
78769
43229
26798
68682
50238
89767
21007
16373
87922
61674
46151
16061
74206
79208
52692
81482
1990
20193
68801
73076
34306
85632
95120
9418
57495
6902
53022
4950
27300
43791
38507
68952
61418
57510
47598
20626
70338
79667
92595
34656
37092
71352
27342
54215
47897
32406
9161
6459
93548
35850
89539
70570
54640
25687
19042
68180
31639
59485
80188
60672
35751
60593
93181
49340
56823
40170
74429
5524
66849
85737
30511
66039
77234
41886
54912
10024
67538
78224
15058
33998
9941
96655
59617
13305
17738
27592
94246
75477
30797
29115
61342
61161
34844
70910
21621
1386
97082
82207
18179
16011
74885
75008
96245
4869
56983
2695
40058
45681
11562
47785
32134
80593
93358
65494
16795
7400
96717
14742
94842
73525
89802
32867
93188
51872
32731
36811
16074
40389
38931
72957
58336
21969
18961
37532
76835
46860
30845
10366
63248
30262
55209
55722
70224
67854
75945
59875
74370
52109
34876
15649
92226
95531
16805
93389
37850
6345
75039
73118
24546
45159
58004
86521
94370
66283
64437
38071
1414
55182
72723
32985
88375
17362
33702
18727
6749
99910
32778
40360
39509
53456
68090
45752
67323
58910
10530
21743
86054
22996
36574
27080
89420
42932
38648
6691
46098
41072
42926
45303
41432
20192
44038
23231
44717
61319
88890
6682
35222
65491
77320
74189
22529
86153
50917
42254
61461
28883
22817
89128
33050
44011
32234
22146
31621
72853
99519
94263
90628
35991
84718
37242
71848
24024
1748
31585
44790
46041
21183
15962
69230
85439
3977
42098
96581
18207
24744
72201
23201
39176
14168
16976
87779
39806
75902
42080
71360
45518
57934
36201
96543
38647
14310
17575
18256
84408
23339
33098
55379
61299
70662
49127
31438
83022
79338
77377
17582
64103
66897
6214
7926
53681
13774
5522
64657
28484
67541
26513
36051
65897
34692
7351
72455
52237
5870
47433
8081
51546
67993
1000
75693
78913
32346
77236
70479
76350
9670
74694
68062
59519
80677
12316
4609
34398
72101
93753
2647
84148
27990
98838
74064
65689
42112
31736
30786
49047
6700
7215
79888
59947
1252
18852
79791
37955
60438
71445
33666
63267
4409
81026
55616
53020
52713
29090
68791
63483
96465
40588
34807
4799
63028
97671
96592
294
9401
24948
46731
71276
43227
63
80685
60887
76399
36392
1720
87562
93697
34000
53039
14584
4237
52741
89395
32142
82233
4689
25873
1631
80831
50497
80910
18760
16511
71067
76772
885
96770
73144
56760
35081
24739
90693
50092
2564
82422
28220
94209
36571
35918
44857
33160
85551
1334
9581
16343
55417
66296
20694
92520
7311
89258
48477
90510
28568
76337
31604
57457
74598
563
38505
8462
17526
2051
63612
46721
57978
48240
51636
60264
63587
69040
65421
76553
96804
21387
40594
82701
32076
83111
65505
42134
51468
48465
1124
91055
92357
34412
67847
50994
6955
49668
73054
34584
26244
43429
63071
19684
43156
38107
22727
44426
74696
29744
33744
95586
62448
17440
14433
84060
76840
81024
1829
75684
83545
52408
6199
15898
27798
27458
90350
59980
28875
29779
24834
74437
4618
65596
74510
23677
85620
44510
67808
37302
56226
13437
91611
82915
56116
19732
22554
46362
47209
49935
3740
50277
84276
59568
19198
98701
58734
99895
64602
10246
74894
5258
9719
60384
90243
82848
58086
59844
70658
56912
65942
97080
69378
28658
17387
44971
78089
62387
49070
62275
14629
30897
40424
49308
56125
2873
82950
40338
51294
39099
78309
97948
62083
44749
75021
89962
73200
83657
36294
28925
84080
58837
40200
60928
87883
3525
72216
6757
16784
15473
86590
84761
64308
44907
29773
32038
17278
72895
10993
82980
45900
91060
16341
2407
74662
301
44109
1201
27636
31773
41825
79532
72490
82527
80538
63666
44490
18370
15640
55338
95706
21626
26048
54910
70101
40029
78217
62417
4163
53553
20515
65055
14532
36058
96073
19017
2617
60231
33177
54052
73340
49706
63368
56872
57563
50892
39704
46069
31878
63312
53724
17478
21119
29763
62485
53939
21660
46019
56977
63543
99982
29786
11446
47955
9107
31501
82213
67275
96524
29131
76495
40091
65906
65359
30593
69759
52850
84118
52848
14402
39102
84420
38550
49082
1105
27048
60505
74174
29537
67118
44041
587
94136
15128
81124
2638
14487
95756
51729
86612
6421
83929
80462
53179
83799
52175
15938
70674
55096
39723
92726
53819
11521
30324
486
94804
86052
56496
83924
84170
58798
34002
67117
25140
36554
66931
73979
5531
40644
10045
92425
1002
76680
42048
45010
49707
42536
71307
56119
20217
97551
94174
59162
1584
25532
2031
3287
17884
57721
64782
11141
49105
38992
7629
63737
62612
4592
65782
82262
28657
17427
37790
24129
89734
28106
59880
13001
59710
65282
86789
33241
38403
14489
44548
57097
73685
30018
31661
40609
31112
1199
71104
87065
94474
28121
21051
79749
97834
54179
89392
40722
81200
5971
10878
26810
80615
46799
90085
56291
969
76420
41488
47323
29417
86402
66928
93680
43636
73210
29975
78308
99438
73721
26128
3766
37436
20519
20733
52646
97087
77702
52217
38815
25880
44208
62088
99458
49049
58809
92955
32052
19966
21951
98104
8098
40568
32874
71382
66745
66264
15439
76101
46127
5523
95435
26005
48707
43047
4838
48376
84447
39376
29513
45208
40579
31207
28082
1480
16544
28896
45778
60719
68171
97081
42496
42589
78797
1920
72844
28947
4987
534
69648
85170
27302
55056
45360
34320
43792
60251
89938
6667
46659
84394
63280
57267
5022
77379
44770
44884
90256
75916
9823
19775
35935
45260
49697
33577
40275
41881
13764
80617
73533
30720
78632
46456
64118
962
73966
67080
9598
90636
79110
84319
77823
65667
61977
2510
74307
49436
92493
62780
83790
56452
86493
49417
13385
54032
57914
62395
57784
72444
43262
43746
8556
44334
71298
27825
5383
95313
12995
10872
92418
13303
6009
698
7008
42913
98755
98398
90483
7455
30222
42627
41309
48559
27053
46854
37228
88946
79466
57470
5033
49974
25645
30490
18298
55091
56967
21408
81705
95623
19711
53172
98504
16313
29216
15237
35817
94461
2574
20201
34903
40274
95439
34863
52681
73250
7619
2926
67185
94266
4887
42878
54887
57864
16633
75345
85444
95100
31049
16842
55646
96424
39713
68983
42162
95389
13072
90115
62764
92898
42205
53655
92650
99896
47559
53964
72343
27007
19265
9139
69831
19025
51887
28997
72398
33191
15718
58670
41093
87115
7558
11550
59056
34001
45549
80496
42037
92057
92203
2199
60944
39546
33585
29920
18875
42953
14790
36460
93156
33911
21641
19307
74693
94521
39694
75867
66018
77167
7442
80473
79658
46821
65493
76779
65938
78037
93674
82159
49400
52550
73752
29314
11889
20857
34928
9756
1683
62990
81504
16960
13974
57533
9256
46572
17093
30428
21152
83251
13467
19640
37573
12908
25876
17663
50321
82520
74580
10686
18077
34223
2560
22948
45586
34030
73394
51130
66560
89223
26062
50424
28260
99688
42295
45012
49925
84554
41332
30363
11336
21711
44075
6342
50110
88893
46247
78750
66793
97696
67162
98686
36023
55488
88774
31033
23380
92172
16298
71755
62921
63773
84943
14711
29953
16488
9100
13955
2286
25370
22154
94865
59040
86890
94609
19477
24114
71472
20630
17891
7329
33632
49025
53363
5597
70799
80932
94058
77677
92521
16175
60185
91202
9508
43751
7387
73667
79520
84287
87153
37563
49296
99197
92243
40108
12494
34774
24470
23020
17740
22624
20772
47096
74461
89554
50477
16023
59694
9680
10311
83627
60623
14530
73351
55300
27253
7901
18936
12335
64520
7362
43480
67702
21155
38625
74879
95704
90509
14509
42715
16516
91864
10465
90174
39265
55558
70277
9796
79131
99847
43882
29242
8739
9656
14458
43884
31626
58656
54194
59528
77825
76764
7810
78194
24195
81088
15265
32245
18440
68475
44051
55569
2905
62981
56532
66613
82471
53569
27165
50799
16224
65362
99648
50593
84750
85159
16398
29249
73784
12443
86182
47102
51875
78287
94403
7781
87614
23776
58884
39184
95807
37629
41352
49511
22848
99762
75332
75394
52287
52389
19943
34639
6312
10783
78631
39947
1316
6213
25548
17338
51165
6715
30534
7588
82144
4382
66798
94005
74704
47050
68578
13168
26585
1421
70779
3016
572
92359
81977
2021
46818
10323
64071
91911
93898
22320
63991
29230
39220
28563
25397
66991
31580
11786
37403
58361
42316
45799
3859
61225
366
25487
25784
3253
10905
10325
91387
1596
35088
43832
68860
2709
90928
17455
41958
9200
83564
84008
13687
53526
6838
42287
24796
9878
75840
58211
47850
58097
30996
60712
9080
35933
79028
81994
6392
55841
34239
68640
24630
2524
77940
51831
7866
51907
69027
41593
52105
15540
65509
67869
59756
12463
5151
50745
64619
80686
61925
8140
64827
3793
4184
90874
36668
86988
51176
35341
75753
14024
58725
13361
74570
38776
85675
3256
73431
41877
68476
41561
22078
98488
42263
70798
74019
85881
63594
43348
64462
28407
58758
52066
25652
65352
48338
26519
35867
61266
48755
37307
39929
81602
84639
87061
42667
33082
42890
23327
36369
8188
40195
93228
80400
99254
31071
80091
44840
58856
67950
24117
71295
36353
50590
23736
23791
97587
37365
59388
41987
50118
50408
2697
66971
37014
38605
18803
59968
95400
66312
89826
5548
81068
69213
55295
2550
83920
89694
93994
33285
32487
64577
52802
9096
99186
44018
43205
48556
61975
50132
34905
91997
17302
50765
1871
83578
82090
83629
45557
15224
60931
19253
88324
47918
84206
10723
1964
46168
18815
10439
84860
57411
25497
33833
25594
65226
93277
28356
28672
62967
68040
23474
28244
83108
14801
32369
16810
45418
46694
4954
97905
15692
93140
85014
5325
2374
92447
21849
9819
77527
63504
44271
66550
84945
5767
52720
28963
34897
64097
13547
92129
65988
10032
58153
39467
88538
27778
44459
16326
23768
54794
27238
94260
18285
81154
67641
40174
99558
29520
30365
81296
49305
85231
15643
83789
48557
77537
6825
19168
35700
8709
26815
82259
83722
14514
21405
83503
17418
30858
50844
5763
90323
1892
5484
86979
52883
73320
12810
45357
19740
55838
3763
92718
84136
20416
98596
94763
47416
32749
59943
33631
93556
6190
31614
2825
30978
11765
53455
91435
12355
12329
72191
58887
68668
63399
40814
91514
49570
99113
29910
49772
55323
26922
53336
7203
14503
87910
24933
81973
89795
46213
59787
80455
22096
55859
91288
78483
15562
97657
82354
8500
83066
31910
67186
36736
38965
69623
27199
56262
33410
64642
87597
44997
17837
28263
31229
79790
62499
65158
92264
50710
53374
23524
93935
13397
8111
42771
55175
29757
28553
61965
73754
77841
75898
17597
45535
44774
34901
55641
68406
1721
24562
43817
35900
35051
3673
52240
74241
28009
22989
17176
43272
33885
57487
22461
65781
38156
63884
79215
75404
47400
60192
84524
90077
95276
62498
59637
20882
33226
88699
3388
96256
27243
6407
52075
81017
47744
61973
55927
62405
7506
31417
13604
94749
91404
4169
22074
81427
81184
83640
9603
2648
97001
84304
66413
90915
38942
99858
55144
21877
19718
60311
56104
78487
39451
32819
73122
65511
65742
24769
56297
56804
26633
64457
55740
44847
71496
54016
19252
65608
14701
25334
67930
49802
32834
40261
97199
91054
51234
32787
46593
43190
34119
32576
40313
27135
79331
96859
78528
19084
81202
33969
15531
2842
93589
98372
92977
74290
24072
27277
18210
85651
29717
54575
24354
29080
5619
97335
70077
51996
7535
55105
8452
30137
91066
82625
19952
93391
64992
76845
20157
42439
94009
45889
15003
69536
20777
70884
11039
84858
47898
39158
35849
32111
33027
82031
68092
68152
28364
67785
74840
41324
9225
71539
95490
8980
60873
95738
28059
22902
84286
73489
72613
69451
4594
41894
29923
86958
5959
9084
95001
11700
70550
27797
6005
21420
52311
18305
24629
22327
59840
46105
19512
9171
7319
33443
58611
97154
77827
97814
92085
18612
68953
78215
11779
72685
39468
46719
20289
82478
45057
32361
93913
61567
24157
21950
13277
84467
17100
4849
96882
38231
95857
82643
93779
87643
54937
93840
31692
85139
61852
41211
20767
72332
18625
47571
88632
40251
28581
80381
4454
50279
40720
24294
64611
94484
73876
62514
11588
64649
79322
6250
57767
73923
79731
77928
43922
77084
6292
54940
67163
68058
27931
4824
44603
81389
46945
58309
38173
43847
3209
37422
1192
20666
32149
91391
54392
30502
6125
33147
70738
73540
51496
50913
96149
5754
68289
89711
36729
77661
41471
41055
16401
80526
85408
13120
89169
72747
96742
9731
93627
71837
71357
32592
29857
31533
59208
86984
36110
18652
1955
36658
42114
65224
91050
65187
77312
53084
77983
67937
70599
89351
28572
65540
15139
25050
13068
74363
63531
37078
37001
5198
49447
22939
62618
99286
44550
16659
65074
56273
9515
94979
65972
43722
39572
88070
35487
99454
57333
2802
34217
30821
78543
17619
65484
83730
59023
58684
621
57418
16745
66149
84518
12702
76611
77117
16263
37554
64055
67970
29345
79608
88245
64689
37031
43331
29213
96020
69054
52073
20288
34606
25547
74996
45342
77263
44309
51019
4402
56778
84211
99720
35241
51764
51226
57283
4258
71406
27899
64746
92289
47627
63386
19561
11879
83392
39549
58579
54885
70524
79124
74667
90463
95448
33554
24261
70743
13390
47276
49175
60079
57949
30501
14287
69342
54454
18622
15862
76249
18380
255
48333
89484
62696
87780
71185
55587
81308
13107
17391
3832
764
85158
71690
69124
77378
94184
51034
35782
1481
11143
80517
39548
44247
354
24394
93384
12528
36903
73057
16722
71788
65764
36795
50292
34075
2344
31169
21657
8443
1425
63073
59506
51485
96123
41108
12000
45739
28669
94854
62561
70809
42090
76141
93677
11277
11696
72315
97497
57347
69993
24425
35620
966
39590
9412
67234
78590
60096
49747
74882
35963
53036
11109
52920
7031
85516
96378
34413
68916
4913
62113
4640
16377
81346
18005
10013
44785
98447
91979
682
62095
37369
40130
2605
20592
27915
23693
73467
71113
17193
4114
27759
3916
94923
69279
23656
68903
1461
99276
37670
63098
78111
42311
6694
13245
89587
53911
6067
97434
13106
99365
90864
62271
3039
15161
57846
42322
47966
75875
58566
45491
35461
71062
61922
90309
46978
50015
86852
68228
99634
15087
61783
93243
98635
68232
67572
36418
92469
16649
59463
36890
47088
11384
1083
860
93525
6844
19700
19276
86611
67600
96646
97592
40175
14931
87679
49748
57144
97819
61465
14765
46884
26293
7919
72875
45808
72103
79054
81742
30090
94154
94794
55040
90732
94098
10538
59403
29511
89038
26369
99693
52518
24488
3934
89431
702
46352
84531
24592
90541
64861
87991
97224
63140
6378
95399
19577
98243
97459
92868
77275
60557
382
98843
95716
28613
46341
60100
14926
13297
43720
300
95533
74075
90922
95962
76926
52599
71010
34798
66951
33595
67507
67287
69187
81019
6642
15949
72966
27716
94682
22176
54654
60404
85412
78744
39817
54237
89608
57854
96352
43068
65690
38024
73350
62141
89590
41209
88885
96436
78539
95910
71903
87575
94631
42842
65792
20393
12608
33566
52313
21698
96119
86477
34754
28349
75883
26174
66678
38694
82765
45348
1783
55259
70442
77198
66300
14904
30500
85064
71304
93746
51180
25326
4229
37205
12360
38307
33902
64149
60669
65750
56860
86821
75757
90769
26846
51844
96710
79778
92361
41663
12726
63523
80245
42891
34608
28544
31575
61290
46170
53452
89835
8781
90407
66352
86693
76301
67442
61419
18753
38077
82652
45460
8113
52747
66665
87968
83951
13855
90486
70975
84791
70223
84024
28786
66993
51077
41047
67373
50803
52282
2253
20408
16121
42574
18890
44648
19415
12245
61924
55277
37363
82217
93007
97061
43924
7986
55114
72644
87933
60257
66511
85062
35924
34486
80138
17876
75002
24420
82021
31488
8838
41624
31440
27625
4839
1473
73203
65370
98889
77864
9207
15179
64800
28890
29585
18191
75422
72155
84297
46574
43214
52525
3797
70817
43152
74545
25298
87334
27962
29437
26743
4125
19903
53632
93431
83015
73443
91992
38248
52493
1676
55720
91820
90485
52782
45469
69304
85072
92751
53136
56057
25746
57194
59245
26595
35728
64684
55801
88121
91357
12606
44675
45164
50565
99606
3522
2009
49306
57806
12873
70249
54916
73649
83357
22839
20407
55067
15226
56003
36057
37103
2707
1436
90688
83305
96394
72229
52628
89521
88896
15315
5986
58333
42824
92136
7041
66787
92556
15780
90092
5488
68274
82050
38533
4406
78570
83246
85363
22609
46839
51610
34081
13563
79001
62767
75687
35740
52857
13528
8875
9976
29110
56223
4361
70821
13499
37523
48035
22140
95380
10395
62565
83332
59073
9336
1394
15782
37379
71184
34468
34946
35810
31374
95907
979
97839
86066
43828
68805
16304
2025
94567
98829
29068
43235
17058
15724
80052
8601
68562
40132
35746
7192
80199
67430
9652
31246
75777
13707
3334
81495
62649
44088
45568
80451
72944
63801
51796
88120
42229
25581
5204
20811
40327
87686
25805
77432
4694
73646
96912
35162
3314
54964
84777
17723
97779
33234
9609
55429
35030
54728
63183
63137
86065
13926
35419
52141
43693
69197
97607
25727
73534
52541
59901
82135
3837
5508
37309
70342
10953
29246
27493
74740
39875
32755
88246
17092
95375
71237
64013
66586
38542
36855
82678
43796
24889
24887
18594
33772
54025
64247
61017
52218
52108
15927
56252
39580
27141
95893
407
90643
25
78014
99283
5381
58844
14064
64879
3289
7421
74228
39422
30239
70665
27522
19183
84743
17006
70716
66852
5390
65189
87690
99851
62092
92871
78252
65225
43753
60643
31547
79630
72921
91252
72939
57242
19848
53021
50382
32447
39951
19596
17388
22736
15775
64783
96886
71924
6235
56709
33567
98803
18950
71026
90076
94793
41360
19325
33843
45381
55154
66838
8045
4668
61946
35370
11689
35245
38121
15567
14151
50336
48303
32389
92186
33966
4912
44947
57952
56059
67775
9485
38153
26481
91327
11112
41493
52928
55709
69516
73252
57665
28014
14877
2710
66305
17424
18605
56289
54854
55989
44754
6298
40291
73094
89706
95772
40118
36801
27627
62906
43118
99674
61116
42709
69403
35951
69013
88286
19761
41009
92658
96379
59257
5737
20418
66067
54276
5421
34113
39161
408
79871
59204
54981
64238
10506
98592
30706
76587
19065
82748
56750
69373
36142
41268
79513
8802
53462
45301
14966
10945
71963
77429
34062
50661
26194
22656
16704
566
33412
49534
46271
72417
91613
25846
3502
54639
57233
65991
36872
67509
35828
20727
60551
72840
67362
99991
55787
85357
61190
54039
52138
6764
9185
31663
87264
41369
28967
29506
36688
60713
59449
36485
83004
75400
38686
47393
22099
481
43072
91026
84797
40104
76490
41771
26588
99173
28042
66435
79046
92547
75358
37883
14461
99181
44048
38685
29949
32989
20918
34182
14677
11884
60896
49914
65287
3360
15068
89386
40778
51947
42109
422
61087
29461
63402
60239
10791
51471
10365
21853
19706
32623
13507
86235
87825
58877
49661
4420
77417
75104
36995
48141
50205
45640
40392
18597
61295
53643
30611
9530
31294
84299
60428
47071
25036
6651
37061
86796
74905
22610
64816
88123
41578
1710
57171
33846
68483
52341
6003
44932
10971
65860
25851
1106
57809
31007
36721
34792
88044
30248
85168
80713
58282
78154
92710
62632
11062
59861
82826
10421
32973
88335
97794
3359
59290
90708
49433
54474
68198
45027
91081
69875
4252
77531
73119
35116
46028
70468
49169
35489
7179
77392
78006
68605
36512
62426
39167
72432
42317
18347
87555
31495
74578
53598
75754
28266
59939
50471
87630
50170
12923
65135
69277
38611
72467
18928
26172
94882
32779
75628
22206
90594
17008
18941
87457
75655
13148
317
39821
88856
82962
53775
74686
65788
93683
56996
69135
14945
29788
24353
92924
5752
21984
79499
33169
64205
70444
99431
91636
37378
21542
38932
31613
97922
80939
14999
31124
33627
85320
54055
7735
801
63223
20220
40705
68141
70312
43524
84014
46809
17977
47076
74249
6839
12981
56972
76123
71939
14613
76062
36317
28110
47905
64490
31739
58052
2515
26974
38917
55595
27155
16358
92480
46412
19630
62735
57575
61740
43015
3252
98327
94333
71667
24342
39126
24670
54504
56655
91548
1565
82401
64054
58349
49172
49096
63138
42045
46811
84413
94568
26208
97965
11095
3375
64573
58076
30482
73593
78195
96664
2289
69063
14001
77686
27708
49910
58342
6166
21000
60517
68513
40140
82679
43379
39816
12182
32756
93540
24703
96504
78659
50098
40017
62495
80140
41754
43600
35202
78605
47014
19786
50641
35694
79423
65939
31957
90944
35731
95166
55858
10135
42698
98519
13614
61450
50951
44184
78374
90808
34570
90574
21215
95741
50005
64669
48145
20504
46204
59718
11429
55681
34448
64556
95808
14816
59590
99044
52295
55013
86881
13607
19529
65566
35648
45076
75740
43203
46073
1987
50163
31919
5174
75944
76878
99140
17366
53215
28145
85640
33056
47983
42883
93092
94559
29712
87856
62024
58035
96754
32507
2765
29952
90401
17908
88412
2067
3933
32625
51668
87569
16586
22313
37091
95286
45925
45002
54513
72306
56893
66619
32215
53660
36422
63515
27138
54449
75204
83996
5152
63108
45562
67728
73314
52319
54325
95844
57043
14682
6127
75397
60087
64887
44922
26180
29105
41737
68196
99809
6344
2714
73700
50482
7563
24882
472
42253
45779
15555
27325
71758
72445
40949
51683
67749
31593
14916
80367
54113
82299
21945
43628
63021
38788
81032
53957
54469
97910
46496
9563
94063
66220
51806
91779
52134
38928
11119
41619
49948
38872
53913
71776
73003
28441
95823
68653
30857
713
84379
80578
48612
50062
67735
81848
71068
71839
39921
78052
16216
42941
70319
96991
37175
43768
58996
49480
88582
54123
38058
31284
21093
69337
54346
70457
25731
77667
28451
11990
86073
13951
73019
21061
65220
96814
96699
85880
29060
52641
2303
30266
37570
84039
85226
68795
94156
80756
16770
43
1715
68666
14724
3449
35948
76167
59853
19974
3621
381
2077
33253
16421
47405
23810
34456
28846
12319
64736
6891
62861
48817
12195
45477
34920
29470
6019
25857
1913
79342
67382
94293
86580
76882
16998
87217
97097
26348
62751
95406
71152
58601
79343
83399
12044
79615
36106
13371
25020
21696
10237
4878
96976
68173
31391
35455
66909
56742
44701
17196
22254
76733
31390
18774
52694
80711
84973
69924
81954
54973
85118
50796
62601
34307
5110
2745
38787
49451
38366
15066
43025
73502
76731
69174
14925
67802
47439
91745
38171
37070
13464
27006
32962
16041
25297
66063
63908
87392
15899
55033
13861
30828
49635
14534
8447
75940
39859
27855
73251
98173
76727
97643
61453
67121
24874
68755
87059
1219
11572
38322
91710
58325
1410
78416
18666
70661
76146
37389
24540
29432
82987
73800
93817
25241
91292
39856
44131
9242
76451
13677
58863
1328
14599
88994
31737
54876
91793
32131
83648
34314
78767
71992
19710
28305
98452
38129
6847
19098
18442
52463
75820
52404
65099
15009
43650
64555
78446
53297
52962
62640
78131
47337
66174
42663
9971
23928
49508
33094
13663
450
22846
47140
62610
72446
18074
65557
62783
97810
26214
28046
85860
11213
38797
99902
57605
9988
13637
20275
19502
53705
38827
21747
5293
51999
70328
60904
3517
35673
78255
45331
89322
56727
83080
38543
77071
6599
38417
20780
30554
52932
45019
49779
72484
15095
24426
86733
95129
52497
18607
82515
38256
54336
52444
76158
25287
57499
93468
93878
52173
50797
3884
93796
66066
71069
80950
93736
91752
58129
25711
79754
25993
25353
86209
39907
27358
852
74891
7090
9677
27976
74138
32354
19174
45379
42252
52006
87556
8114
21074
18653
10672
53457
83720
59632
19508
44357
72919
47270
89151
1849
3369
18262
72640
43607
57
51321
44948
83115
63157
17958
83256
32127
92656
70114
93464
29219
24324
91122
7967
47199
4498
80786
83474
18836
42886
78926
61739
36172
98021
71397
1098
38
18804
44898
40486
46395
80396
57856
94019
13065
14133
26382
42435
72912
78203
38616
75932
54660
66038
90100
69787
46187
45295
13083
10522
91566
78880
5180
30605
33596
11011
57406
82645
79471
72278
67046
22317
45523
41714
79112
97435
45995
41566
73846
96055
7915
1520
39135
55211
24961
8458
24218
78780
99069
23276
2796
46714
36426
24724
54616
9036
914
19915
54992
4043
71555
39896
76595
295
10693
1165
16049
24511
8661
35067
43122
34687
76480
2229
52795
22958
66620
87307
27195
60596
71009
94572
67616
89052
31293
38317
37350
46712
31611
39359
9173
26345
95356
96437
25929
70228
4106
78079
67701
29576
61179
98559
10134
63491
7280
96910
50989
72947
26045
96086
31891
67767
5932
84825
9033
55633
76749
37105
81696
96142
2442
28725
10211
43298
16188
7130
25819
35347
14438
52674
73022
24360
24377
92908
61341
72635
1662
9210
891
14621
68436
95405
84041
75352
4054
79262
34896
91181
45280
89541
18229
82129
69319
8396
94919
41504
5869
62685
63341
82105
41665
98850
82926
18865
65212
70377
63879
5904
2612
54938
31801
78250
24239
8922
17389
31015
61449
15781
77779
82577
33437
48054
88879
9154
87251
56533
26221
32616
4460
24348
83180
84244
45083
81768
74779
97543
49289
85605
46957
86619
13562
54605
19242
89201
17772
99265
21758
79672
47994
96214
14555
3418
89098
43249
98500
20155
33883
81870
98013
3826
78897
79576
96111
77972
81557
89974
94408
18174
74700
11392
4474
45406
94450
22912
73341
15599
66636
62602
95207
8807
52607
90204
79411
44926
55213
14554
25713
50084
72620
75513
63626
37141
76152
93455
32104
72125
7717
95964
11715
15885
78280
58033
29602
83051
9470
68555
65571
10827
87992
66
76191
14414
43421
23732
55770
36413
11225
15654
3022
91152
76608
16427
15249
6743
10683
26436
33813
36278
87694
6630
35714
31669
67552
90226
86545
76276
49885
97846
25692
6523
39660
54863
44438
89363
45277
77362
12688
68984
91595
81887
58392
83284
84368
95310
66274
35590
66500
85562
91735
72255
65163
1478
39508
27700
63486
62779
81437
79269
61458
35699
23193
54278
89216
22195
4096
71550
45684
31104
25279
56261
70917
17160
68734
78765
87490
2728
94549
89556
3245
27212
17404
26863
10361
51042
31477
19046
1255
23470
53597
9478
41764
79281
56449
5359
80907
10316
78519
14754
25082
63972
98387
3328
39692
16886
95117
49223
19902
85028
67982
30204
84432
1340
87238
19370
89226
64794
36836
66040
6657
99753
26971
37479
12449
65913
14906
31972
27284
28347
28839
30653
78033
5785
53425
49729
26218
46993
45375
91546
90521
62128
98020
41931
4907
8432
66721
28915
3299
37634
16189
56592
88953
84913
85134
80597
91908
73182
52568
97150
33685
77479
53719
60500
75621
20009
84920
68332
81249
39114
31949
52159
20559
13591
17829
34847
52102
28233
76186
55129
72219
99413
87313
63332
52211
10671
36004
15990
51952
88716
15041
85458
86541
8142
73787
5941
87617
20608
80724
35947
96824
55024
46299
66293
38687
70070
3254
96109
47057
7015
36034
2985
18645
90286
23398
18345
35958
17202
72052
82421
54510
36594
55549
73807
96058
60230
28216
87592
96997
56700
74162
42361
60942
5817
45854
76540
9740
93883
41673
89776
18303
97352
34721
49344
50531
73002
82866
12325
68548
2449
62854
83897
54057
82362
15057
95836
85583
76427
4136
94732
60308
95744
30748
39370
5903
66187
13802
41067
73070
79498
14401
88475
46816
29733
33611
37106
45875
29311
99894
72196
80664
80084
49949
49381
63459
29116
88230
38047
86444
42315
12323
76732
25681
75329
13378
29235
83546
44563
38094
27907
43383
61441
6340
72662
23226
2669
93023
62994
47360
2584
30583
13186
34715
10935
72566
62494
33530
467
33114
52119
73505
30010
36663
60810
49678
6363
80448
14716
58658
43739
74727
54065
97612
69836
60149
32733
77469
48574
57833
65191
1110
43711
25841
87585
61641
47738
57417
24854
22081
73261
96271
93428
58545
9748
44130
57096
89396
24802
76383
36878
58637
37298
61121
32303
60502
15624
93186
44297
18024
37709
38765
15369
61964
84914
42966
62758
67936
57609
77953
52279
86962
70696
96811
56733
75330
95859
56505
89951
23538
89798
57314
83584
38115
97744
20438
27702
81245
94886
47435
31226
35129
80516
15727
24864
70626
25037
23076
43871
49342
50254
26733
68768
4692
19591
6665
87692
48500
20836
45411
37700
65469
22901
72563
5768
1624
60898
29866
20283
75947
85410
85922
21978
87821
83014
98556
57831
97261
65079
79735
46707
82871
76555
46620
84464
76697
23270
12516
74389
14315
47016
86277
921
31908
32119
38856
70231
22671
64360
40318
20804
37813
79896
4698
88182
11193
45542
37444
7185
87806
6321
69982
52881
16796
13813
967
92114
40310
870
95514
19671
25607
74851
94244
26264
5831
37310
34286
96471
32035
96786
64852
53162
10780
66229
18173
11531
81553
39350
43401
68662
66693
46820
38223
62702
32690
4168
55470
33704
25916
19036
90220
26648
61858
87855
4644
19774
59299
94429
84227
62284
90876
98383
32211
29117
13857
73703
87960
93337
70606
72588
15192
44160
96328
23403
26321
65576
38966
58173
78106
56554
12643
33971
71649
9019
75853
85835
62278
66499
22488
11598
38064
27225
43629
79210
76171
20190
76537
31855
21690
73043
30810
28979
70033
76577
45967
67746
61484
70886
10989
64431
10018
48505
8946
75935
16087
24306
39308
69561
94607
88290
80731
6708
76214
80645
40595
62206
57265
83042
93862
33411
83078
43852
49473
60969
13346
7797
21783
7736
5448
21790
11702
3917
89528
69082
21570
26936
98743
32473
78544
96968
52866
24036
39516
19452
99213
66903
80585
60761
38684
72348
99696
22343
23644
51908
89355
21226
4370
10296
74663
83765
45962
54329
8852
22028
49361
48025
58539
82227
42309
56955
34026
29268
49822
74767
32067
10933
13991
77256
38531
10177
81890
30703
50447
1577
98332
15075
7723
67351
30296
60753
60224
42298
15090
45229
98308
38510
68669
48492
92688
48884
48069
32003
77849
15123
75699
81838
16390
99976
55972
15472
53606
86895
26535
21732
50137
48307
19745
3055
49602
99953
51005
65029
20396
48462
83946
21836
50395
62016
1807
22760
53334
37071
78085
84707
35148
48167
40830
17141
55760
35102
81084
69155
1725
66728
85522
65625
34940
42644
61874
38783
78911
62
16957
82165
41385
35379
242
52041
25051
48177
93962
21798
59634
1499
972
73053
63037
73241
85492
88477
87031
31792
21753
21331
27774
7143
31665
54610
90641
78440
60325
25927
52358
96973
94739
44633
4767
84097
71688
62820
20091
10863
80845
78931
78990
99144
95625
34615
15001
54902
61537
7659
91333
24088
77585
86093
76458
79852
56613
24130
11296
9672
29592
74446
83969
99527
43688
3654
75970
92492
59259
28442
28742
18393
69314
88284
1388
54435
68175
63133
5575
22275
5444
47658
82088
3578
62149
11288
74849
47171
20991
17212
56747
75779
99054
48287
3913
75186
69530
37781
40758
50298
68507
79494
55712
22822
52187
54786
63676
39915
23374
23031
20618
95713
82819
34480
83368
61294
24127
67678
96528
47507
38600
84947
49013
137
83760
52268
37284
97195
74789
31343
57539
63827
32552
56344
60645
98302
50373
70811
91108
61000
49409
91452
50000
35383
19919
68895
45832
19996
18435
1948
62773
91840
48986
30431
30069
49845
74380
11016
26334
88485
64110
89728
15351
41380
7228
79321
47864
14932
41814
25842
29455
87398
34510
31875
33363
41386
1843
38999
41389
78827
61354
56044
73851
47094
2651
97163
18227
51066
2376
82347
77291
96914
72850
72271
70893
21947
98769
63867
45754
27177
51634
52456
53882
40214
21097
25633
5588
67307
4450
39763
33901
74760
73841
49619
93958
71958
67615
24074
16986
69870
15250
21868
70153
70964
55926
75680
46748
58726
41897
60945
85829
70184
38148
97911
16366
38899
55875
66611
9693
56589
37708
86606
61281
80258
30132
56094
36610
28882
10544
57081
46505
36996
17026
60689
64900
12615
85713
77642
82046
22897
55901
72379
33040
22183
63371
20755
76078
80649
59822
45364
32491
3836
97619
29916
53058
98810
57372
52560
66856
18104
15281
92464
14975
73763
60334
5136
75891
44905
72797
63164
82827
13521
19296
68064
30078
74884
36804
47498
7310
82878
81877
99344
66889
48996
77194
90960
28449
11901
27831
37065
23441
54172
60817
12625
34051
25537
18147
67183
39731
61081
22715
44613
89723
81976
27256
87700
71086
66428
82816
75822
24102
70969
8562
19055
89815
10505
71514
20524
83228
57847
85155
59931
20448
88808
79887
27519
30733
14977
84684
61832
2042
85836
89902
35392
88814
82158
38590
55879
45047
75528
31017
92457
95797
57928
89790
25940
85193
94683
41106
94165
17350
59763
43580
65204
84506
7251
75311
81884
64551
26554
57268
53447
44446
46192
47275
12054
49616
69414
50757
40587
49414
91564
11466
67748
23359
40559
19431
77805
24430
98460
93517
84699
26997
92824
46421
18055
26729
72686
77025
31262
87664
28612
72828
63625
42262
58571
20451
68696
95110
33705
67443
69533
95510
55533
51088
53271
82715
69219
3742
68992
88086
56321
4359
46491
43621
30247
51886
95325
93975
23805
37727
26476
96671
88512
92967
45486
47709
13262
17518
23873
41707
45952
15372
65061
94756
4748
2387
72479
56735
64927
31715
91780
3301
35974
95388
55922
29853
6319
81216
41089
49769
25421
48816
23837
96410
12624
76830
84764
29849
47582
90626
98156
78397
10180
19867
85550
25774
76229
49032
79204
42466
70514
69038
21818
97211
55506
11528
42753
66837
76852
65022
27010
34368
84208
95278
16240
27581
73766
23869
83650
92981
19142
40876
58803
8422
95236
89468
98663
83800
92854
4259
10616
45029
233
78550
83319
41210
64969
25139
35663
60123
73608
2451
98031
79114
20379
97501
91954
4930
87120
50587
46705
91009
51169
6084
50325
23650
22720
96122
86936
34374
47249
25787
17524
78766
63443
13904
44567
76043
90149
82224
7354
66948
74601
52191
94634
27102
72801
49452
72230
6922
4903
6507
9528
73873
4610
92918
58382
45453
19997
58169
50816
83130
11134
59675
19460
46233
88242
48056
38036
66159
38673
73129
33545
96986
47506
94114
1339
8303
60823
54269
96141
34162
11661
61871
30028
88505
74587
66730
99052
81597
86331
10826
39911
24400
52935
97500
50568
56608
86737
656
69445
17985
9002
52695
10110
96848
20546
11259
1853
94308
52473
81669
7885
61142
9902
83686
59116
52715
10059
98764
21310
43493
23258
70359
59439
13635
5550
2790
80974
38559
77784
45894
5119
25369
54812
96712
3023
49209
68553
73715
37529
44781
69545
39597
11341
37336
69241
61329
28817
19776
31644
6445
83732
11895
84112
17150
29270
73967
79307
26042
51427
75229
20454
54766
96302
72812
28183
76663
53868
95615
86972
20697
13014
39392
48365
23778
88056
99893
17962
17842
54005
54254
47118
93656
67456
8385
97907
27629
54298
68346
9358
68451
96368
19433
96032
45720
65355
52093
9573
92300
25697
24050
79064
87774
56553
57618
36193
20691
8469
99509
37073
94681
61661
43632
65192
80790
86000
11396
25878
24456
16106
430
89320
19840
86678
17862
93480
97175
97504
26297
99329
33086
42505
90785
66507
454
12673
80988
97669
41986
5677
43912
51211
45031
51944
75778
67738
48993
22352
9461
81267
93986
78057
56471
26141
63747
68754
85310
7510
31074
25147
9534
9780
69236
52858
15077
54883
81265
28085
25520
39035
35428
55426
22520
56980
7236
72902
4243
20115
78361
51161
12218
69954
62084
65327
1207
18649
27953
69417
42732
66828
17568
66171
66904
78412
33001
59967
32263
41207
31187
81108
39137
68423
32183
52860
85211
33228
6119
53234
83611
53988
29357
48277
44224
62651
88529
86440
9417
57913
40204
54506
12856
92191
79418
80944
432
67837
10308
44506
41751
6028
95569
73232
3106
42669
67474
95173
81764
73216
80379
42888
2375
32358
84662
12340
52321
97786
14762
11780
15556
10334
49184
63728
66703
28783
21810
23931
65580
3002
49019
37246
30817
8846
89925
28650
62453
67658
43170
85644
81357
92703
67921
38891
42652
47895
23637
99157
68425
80318
12183
79194
45368
85878
48128
59427
68298
13375
1275
26630
10500
75791
93170
6882
34771
45511
10712
41229
1574
98059
23153
93453
32047
93639
22579
16869
36532
52718
61982
44757
66765
25499
3005
4763
9030
59169
53851
85951
78840
27814
65966
89459
98976
5826
19837
22356
10396
36215
30588
84477
79745
96277
5168
47579
6245
19911
58470
38681
56214
23426
30757
42000
56619
87523
33051
76018
93826
39248
93990
38336
14994
72341
36329
19223
95230
20280
22201
46702
21881
62964
62160
76554
39407
97407
57675
31566
9969
6661
11544
44547
3307
75770
93400
58760
24777
25013
69745
46445
83162
7330
79015
40834
38318
99388
93338
84255
29419
4390
76270
35786
44623
84069
84581
60890
97561
38446
72291
39057
69237
78708
66593
3436
53407
73645
73881
81070
24108
95000
15843
25794
42307
48885
12411
16741
24738
69242
78470
58322
6724
6262
57379
31569
71499
5591
43532
31624
6177
64025
97985
27573
66255
67444
78979
31028
15391
86322
60793
24029
45436
84768
67737
60394
88072
26058
21255
32238
68648
91920
992
92070
52714
84536
9802
3052
36711
935
32931
62300
22045
56784
14849
3296
48218
71180
72397
80773
84173
93984
43728
56900
36679
69769
70931
12813
25454
28740
28602
4531
33276
89301
42044
40221
60183
57750
4756
78531
97207
25742
10877
73655
65638
61508
13056
53207
5118
17592
60899
97495
74005
37008
51242
82585
9017
7115
95465
23018
66709
17005
9624
54374
2869
5633
46890
8495
81625
64921
85699
54781
4778
82003
74533
49696
81969
34066
39976
3824
11457
14076
59447
91144
77307
33242
660
8508
93988
81962
58689
21241
484
62563
17650
14609
31789
88539
6783
25848
45880
46584
57857
46577
88349
17094
5410
25874
50020
76646
69593
21479
30032
93787
69167
34201
69163
48170
73874
40253
62959
60975
24350
12596
76717
80534
61235
32015
60369
60499
26256
16066
59986
90536
41933
49622
55296
75429
26992
62734
57137
90374
8938
21151
36273
92484
68634
49605
6160
50026
26893
35091
57491
90156
39192
56806
52927
49660
91345
54320
28824
34505
7965
45792
70246
82113
23186
10608
13893
68018
89623
91429
7855
3601
82628
78481
48710
7515
72513
5361
79744
79057
43319
18270
65040
94072
87279
70194
59912
26940
73934
32388
46047
29552
51110
68401
5939
12296
29664
62368
54228
69493
36143
4015
87135
70469
31404
90332
74529
31892
54825
51060
68047
77734
63261
32804
58737
43459
10968
87518
50378
84055
55823
7939
26265
65468
4241
72756
7066
35894
65794
60827
28699
16919
13667
96156
12835
54700
90565
49376
6508
67850
47242
81187
8574
88626
52065
30440
99215
93629
85988
61478
53274
41154
62851
13896
2471
87234
46840
16098
73096
22641
46111
44189
6146
7036
47061
40173
65255
9642
77325
51851
29558
80159
94805
5043
34688
74675
84046
18522
10515
14289
17713
13235
48590
65023
89998
64381
96874
8733
54552
42848
8401
85285
36156
76804
95749
72818
31095
13799
73135
67516
69944
81888
68935
4197
60961
78816
14201
84487
67508
51975
512
67896
13243
85449
85707
1755
98202
83927
37490
81891
61588
81720
99198
1148
86932
33435
34566
80366
393
17788
36591
87127
41530
95411
42875
29745
9674
2694
88322
51040
52087
54765
38617
34747
61386
46384
87410
6900
85823
47693
31804
57639
98288
34187
10268
38826
36585
23389
89493
37235
21034
75238
95109
7163
73371
23241
20047
75713
42841
65619
36026
91416
51316
36524
48257
97595
13325
2088
19682
17878
34170
15521
57063
77311
12649
82860
32802
44984
38445
98947
30553
9190
91307
19607
55904
45583
7202
91002
8510
58296
13466
40496
82281
8854
42046
5374
58016
23613
89412
351
11490
93060
47984
81030
10063
12958
63049
72452
76073
18280
44483
47900
62182
69478
4884
91332
64027
10549
33387
91518
95319
56366
1547
45045
70212
25976
31977
56938
29983
75018
16642
73116
74391
98933
21400
54403
68569
90484
74599
46459
78732
19427
35568
30749
27037
1960
88623
34479
24091
65295
56833
75089
85355
28855
92140
87058
79923
68770
99227
1447
45075
41203
71563
26299
26927
93740
18112
34208
38419
54743
46332
28179
20286
7714
16330
93757
34328
91443
86927
78249
34852
98557
41142
92117
65663
78987
28797
81525
56296
25155
89403
52931
10706
67856
41948
91422
20534
78110
12307
72629
961
76015
38585
92279
23897
29447
58794
84564
26355
7447
70895
24944
49197
53494
43705
23145
39873
7862
96559
58959
1135
31303
59562
6540
24259
16713
7324
40537
29957
61203
68151
36216
84095
81760
90133
70451
77597
6984
24382
95155
63955
71798
54409
79856
92820
4769
91321
26222
33489
53904
52163
12034
59006
72150
54811
4622
78442
19650
63349
37315
22305
68255
49426
46268
54724
94278
48648
32988
47630
34613
32606
41446
59429
42795
94881
84832
12795
98975
11084
32294
75322
83930
16764
41331
6535
447
46547
8326
95522
52677
18033
81146
92097
21799
32371
17606
42938
95398
63862
41428
45322
87833
72031
2927
18387
87280
3049
36900
50410
22499
60338
38411
40764
18947
61171
30154
15117
40927
13254
97660
47101
64215
75904
82660
35794
53572
80363
13071
29118
91827
27679
60582
79694
57840
42826
51681
8070
40909
19841
38233
83522
58691
91738
92582
33928
79595
93495
12313
93815
78340
26023
75472
92171
53273
75651
33313
62358
23575
8914
28401
9050
88497
72131
49923
43888
28079
54576
22182
43960
98595
94986
38159
77093
4700
55065
38305
50343
49085
18384
98675
94551
52650
33609
45733
78433
36573
85018
47116
8734
63435
93730
10883
82296
79162
47672
13944
79676
20837
70762
26801
64549
53730
30079
46546
51926
48478
32279
2539
21642
86738
55606
76679
25251
36309
74877
63980
8040
97925
40208
86183
11053
15954
53417
27484
47554
34802
38924
41265
63445
8314
50353
93969
66831
49062
58634
39736
61245
5163
31751
10083
47028
88186
7423
78064
17626
44750
10354
40387
51686
14159
65787
33026
39358
65138
82891
8031
38878
52661
57032
41155
61865
12104
92402
64845
48270
44214
39164
70454
32300
36782
44431
57129
69628
49795
94628
48122
59589
1901
44587
17859
30627
94105
88337
39688
84242
45746
23895
78618
97697
73293
37980
90899
94318
24364
4858
84344
1212
83982
63333
5178
78981
88168
69548
70750
8506
20095
93003
45585
65130
33402
96523
25006
29727
1264
38978
46359
85007
99017
87904
22333
11338
79016
83412
26809
74519
71863
79443
92654
51719
18962
32167
29619
45249
72959
48183
43005
39547
32897
8724
9280
56850
71025
82487
59623
79480
4569
62304
97520
70204
5128
64319
27276
49441
65803
45588
69855
24891
47821
56089
45960
52933
46087
88952
71174
21847
31069
67663
90721
38297
38102
97167
30036
10488
38634
7182
60762
17135
2474
74621
59159
23533
37796
30026
8531
74004
39582
96197
24338
91716
45602
2425
94026
83377
62104
85712
71370
82069
27520
77461
28333
29507
61158
11291
46444
44119
93418
98572
18619
19800
62871
90568
55914
71337
46383
21283
93429
92529
57239
73789
36862
48666
8707
13897
1216
72997
59372
1734
31352
97113
30812
28607
72331
56504
64739
72007
30507
90652
88815
1702
30185
78964
26751
81046
51540
83235
50344
95474
15188
73729
54422
32367
54012
37140
98806
6557
80893
88464
48926
1183
12738
30578
98456
18863
93671
62340
57825
22918
30769
73778
24999
60964
70322
8832
85746
96216
58773
81790
16929
6631
59415
53828
55844
39980
74166
14358
79429
38864
17381
7740
31406
5354
33244
82704
15209
1437
58852
22264
20148
63079
34810
32810
15148
85326
46894
12168
93215
29006
43517
18539
95597
175
85027
61857
57356
45274
28136
14876
69552
20835
29557
26131
79934
83366
43860
66294
48770
93377
31717
32105
51320
70360
23771
68542
61636
74536
37040
1273
1146
11413
86118
8029
92819
20619
76357
13095
98827
71329
77296
4303
86671
57072
93300
27455
80336
91430
31245
2993
44277
78800
81334
37328
55826
35519
24733
87021
15826
61008
86836
60529
43075
45775
92453
43369
46224
24336
2793
39899
33199
16602
96952
71232
74525
62252
54319
11407
9560
11044
6556
40623
46417
7232
59384
80805
633
56847
18040
68123
76802
72503
15163
58626
53248
68909
21011
2061
90495
60024
80528
77091
81805
41748
48438
76606
37255
59461
23602
17911
28208
30908
3747
17343
24600
76740
51322
78859
794
57698
69137
92148
68466
27226
14373
64653
20714
50887
83116
24853
50333
32540
41286
87029
64961
78087
26545
14456
99492
79758
42519
19908
44673
35103
56683
95097
39278
78389
72587
37458
20322
80433
22503
56169
998
35808
38821
96949
36964
22826
29946
43823
20806
89388
50638
47523
74459
48944
20830
72002
33038
21340
70318
26807
72785
86594
81038
80841
25704
98875
54534
49166
11802
87650
94928
9085
92438
64083
98419
62457
36892
16244
57574
34683
22091
91117
77386
96556
93037
80994
14173
68453
62310
94455
31383
3598
77301
83375
10601
1910
54282
86959
10628
68731
6561
63450
71192
67197
21029
58606
76287
11890
49439
54824
17297
33365
86518
53132
62829
77217
66502
3156
95158
28941
48292
95592
25328
52265
56602
39621
6487
4255
44156
86127
62035
75915
76684
69983
70653
6320
60536
26395
20486
51233
37894
9181
32891
28324
35291
28331
64724
34420
49828
82200
7107
21292
23550
4472
79938
68684
77199
43108
60291
23117
56015
26477
16980
67051
94501
2931
46771
68721
62281
17916
20915
82814
98341
63087
54600
85889
28264
43245
99604
46331
27430
11726
65092
58963
8485
69114
47825
6799
67224
56768
43907
18504
20341
86639
69077
25075
31574
92362
61477
25024
21221
10367
83344
59118
75296
65368
8007
96128
56154
23852
77195
50042
252
48306
45674
16499
97210
24279
43107
58329
31239
8514
93881
66464
38748
14138
51755
5194
70317
13037
68938
92177
22155
57050
47980
29236
22064
77840
8996
12180
29011
89342
92681
2377
46715
20215
20232
62628
52478
48941
99938
1059
25214
39018
94050
59066
98505
6653
94783
45920
90761
35970
65558
35777
6784
59462
71197
8797
56045
75499
22550
28211
66572
14917
38468
32681
96074
50383
39971
83211
95736
88865
33277
59222
15260
85523
23132
56209
21610
81665
54790
31224
47027
66326
2890
3557
27898
53075
36543
80006
7217
46907
27662
26426
88409
73033
97326
3195
72933
63978
82499
20496
13216
84855
22055
93544
1544
38644
71141
54343
41129
94560
17276
40019
26763
55164
47618
62924
52613
13684
17298
73354
85438
96964
14805
90724
16271
76330
9095
42409
28268
10849
91623
19912
29835
86555
61015
33597
79732
96138
92336
23725
94976
68458
99029
6967
23942
86285
35558
58279
64737
57037
91222
86900
78030
8233
12840
3657
55455
90995
81215
69066
97894
39961
25495
92109
15969
2201
849
93077
70314
17987
24581
13515
50250
46774
76259
74685
63083
72609
99501
57300
14318
72167
85828
10885
93435
2081
3571
7416
9025
4620
83953
89848
44146
15965
80710
65185
44923
91262
4659
41533
11800
61867
19432
87544
29571
75077
57334
71673
31177
7392
94638
4796
77064
75131
31868
9427
11041
81769
13915
95672
44798
48057
57471
8288
93660
91839
90998
33926
3243
98724
57113
22707
86572
36084
83031
1399
8312
4736
68106
55607
31933
91388
95648
55497
79976
77175
91995
79931
11898
33385
21968
46703
10868
96151
92814
38266
77020
67844
99418
37219
21771
49329
95382
84273
40775
34732
88625
38312
97245
20731
60546
3186
14948
28414
53899
48875
98978
84165
73606
71392
65715
855
4469
61754
21684
94562
35749
3613
66348
56774
85186
12310
10299
62866
86126
47404
26742
27925
98487
77347
10206
75442
55084
10824
73615
78294
43512
49226
78710
99245
65496
23578
81640
69717
69523
22590
54124
33382
4525
27232
29315
24609
52270
25429
89672
26713
23815
39310
59703
29933
73678
84980
19727
87132
82079
77536
56427
38785
71146
54150
94935
97954
98035
82634
28872
67816
43434
94241
41291
92071
88581
30750
80532
34354
98917
62598
78876
49052
75092
76090
63440
95193
85262
49600
24616
6793
40395
36784
6089
84753
86310
86112
44627
11657
59698
58925
85450
14415
19330
51896
94993
1294
37757
76483
20511
64211
87589
87606
15494
63724
76975
61261
56936
10485
81499
27125
22439
22127
56188
98760
42306
72330
83655
78445
70561
67611
29438
75923
2072
61903
66859
92046
28348
58920
32770
82329
89495
94255
17569
68673
21902
40616
86068
99691
62151
52873
29010
71777
49303
27600
87155
72636
84200
70520
25775
13688
67468
61457
7540
62471
79503
55482
48211
97134
25459
88238
10603
69422
40476
90650
78848
5838
75364
53252
36492
96557
44384
79949
85304
31053
45435
37213
47299
90686
60341
43037
46629
9887
66554
46429
22037
73395
2494
428
6962
29287
16331
94053
50804
51960
80816
21679
42880
39784
73916
91889
37221
80672
44852
38786
96430
15469
6853
19644
14017
37848
64148
43436
10680
74236
78992
43053
28315
70924
49332
4194
56063
23344
2126
66154
99597
51351
40944
96894
35535
67024
87864
78580
87940
20266
28226
18475
45667
25228
95154
16990
94605
4701
75619
36121
13559
36785
64772
91577
49103
17069
14013
553
22427
4230
27735
88817
67022
48821
76649
64801
97984
88715
59728
90982
91047
57321
81615
47107
22066
55463
50885
50107
43312
95484
62215
19164
78701
76068
17614
923
23565
64198
92985
20527
62778
3656
71633
438
71766
91707
50028
5287
12479
26776
69526
74980
49552
72518
66819
20563
80044
44854
97489
35815
14316
22851
8719
46196
11189
67464
75241
50499
34453
5466
71571
92282
310
70141
68884
61885
67336
51017
29062
21509
85360
56010
32724
10102
15354
64733
89733
74098
64355
87681
37531
49237
76485
37622
23823
24265
76091
35905
63581
77695
29286
37852
35192
34297
82458
10219
83511
53884
51579
39108
41480
50915
21386
37861
42775
27591
83524
54386
13463
60285
37395
95223
27554
62023
65696
84578
66537
6215
30316
60771
5912
36923
48668
63430
45224
89311
2479
17446
47790
61844
37438
95433
63571
52968
35993
52547
11699
32500
15127
97930
85957
81713
26142
84351
56586
75583
14153
15849
62418
1044
95637
85585
6531
92616
1846
96484
26626
68129
28
39041
22355
54583
5934
61555
89279
95422
82064
84787
31673
35208
11459
63307
1088
7663
6122
74957
95317
25558
2039
85424
43288
27612
78666
50872
57046
14331
49856
30626
54959
14206
25920
2266
55619
10160
3423
5340
90476
40879
78883
62045
76317
74771
88915
95726
42793
10808
64178
67700
67645
52603
54088
46340
96803
97837
91783
65167
30614
25475
63111
72140
32790
42455
93748
42
97192
71560
93617
43396
20671
48199
89869
34138
52719
51771
46578
55009
7830
34998
48689
23675
96720
49372
30103
84822
79098
54970
29968
47818
67285
80385
95240
99041
39293
46125
27353
58532
29754
21049
31325
93375
4783
26157
71754
49850
59194
92299
7979
20313
38499
8977
76311
9727
83194
52949
96099
73541
95413
8768
80905
42931
47490
19870
9170
5450
48045
27620
28423
87527
61933
5683
49000
50384
69684
31233
21359
88174
34470
11435
72027
78514
38181
17123
93298
35474
64612
11927
83186
27340
17267
37877
57747
60963
25265
77973
82998
69897
14723
83781
67034
20276
26744
48342
68489
75490
49298
89017
18467
20569
63844
73781
27807
3479
1048
88573
98946
6547
53480
41547
32808
65
827
43031
46306
33657
58585
84653
54693
30687
17735
69067
28713
90125
30693
32239
78455
90504
21587
40390
60178
63398
61722
75525
82052
92263
38581
55749
42206
90383
32674
78047
96943
73296
46279
69630
17866
57311
45519
76912
83782
94686
10739
3568
4393
13749
57337
27599
50444
89371
68419
57319
24784
41223
6416
54846
20537
7890
33224
64712
80670
4357
48705
11410
58956
4843
20441
5684
39175
61432
14798
12967
71574
66956
63629
3965
84192
65675
31115
59689
59910
46231
98545
77558
39627
40676
33935
16635
50763
91734
5803
88764
88949
15850
63929
63436
62784
7526
83620
90418
93302
42084
55345
55241
53975
35560
83393
98014
31758
87143
55299
71614
31471
10867
17570
68300
26961
65591
79358
10589
63055
3669
53037
9324
60594
15598
33953
31931
35829
90715
22820
88092
91160
41294
96618
70600
3623
73579
49333
74695
72043
68143
75794
68176
4674
55375
88007
31355
82071
40123
74567
20309
97135
94705
89185
50242
17307
59221
85760
43926
80016
61626
39253
56509
94133
146
59802
46215
29936
27330
44761
26024
16947
6096
64880
89219
73398
75890
66405
59157
55054
72651
70071
92420
14704
51592
59134
19835
42393
80714
60702
12820
52143
2363
40442
65563
87324
89597
67885
82838
41460
49008
76641
67066
25060
1958
86189
30311
25730
72945
8096
23329
53587
19243
23483
98535
33205
79102
81343
45049
8857
89881
48956
57819
31590
30846
97947
70555
39841
84844
80275
50773
97989
98127
59412
95747
82598
41455
25561
842
80781
2749
5821
54145
34788
85485
63102
87071
91113
76114
72884
51563
4057
16991
58355
31959
39290
22858
30546
2292
5496
78517
55865
4156
67312
78783
48633
76315
47680
88296
16597
98834
33946
12851
55768
16703
7516
87877
87098
6388
80565
13480
9031
88293
46003
29138
6150
2851
25159
72239
29335
96357
13746
65841
73892
9194
3300
194
41526
40777
46086
52091
41777
41035
90895
77120
89425
63876
19553
49496
1013
49825
16989
81434
29598
5877
76865
11896
86124
24406
1570
41502
47137
89105
10664
52019
52535
69454
97516
71043
86278
98867
35678
73418
95633
64166
80513
62382
95619
20738
14069
31319
59668
77542
84686
68534
71316
72204
3456
39799
83067
45419
29157
21673
59730
89579
3760
67140
81048
18672
97141
54493
89927
50094
64495
52604
50513
8295
83114
70913
25135
30376
28339
31278
55893
6674
49699
80346
3469
82513
76356
33970
6687
48643
29743
40356
97754
41875
20591
69726
28081
93330
7571
61630
4777
27737
6206
2103
3633
27619
67761
61594
95740
93663
11998
17033
64418
74494
85868
9124
83286
45575
86113
8967
98008
87246
68249
5779
99312
19639
18683
71819
31990
46833
56374
18302
9625
88264
1307
33213
17454
11768
23300
62291
27222
24902
33430
80965
86974
99078
27338
74214
9489
62732
27258
44708
67786
70776
57923
34059
61046
33694
51350
70169
77872
29173
16021
16964
3603
85411
8030
64905
23471
26132
7155
11791
80173
6618
42468
67562
25864
9042
2356
99555
85515
6183
88124
33459
63643
31873
37376
82445
55807
62541
380
56195
89382
85056
78210
31259
60006
43149
19360
83696
27955
81850
99771
86372
62144
70324
20690
93040
89255
83179
97414
32205
73995
66272
49889
51049
15996
52371
80657
5375
93169
42557
89346
61919
58362
68924
20841
65073
95295
22231
98984
34996
81517
46378
70543
35071
79286
20850
20878
75348
68162
29690
56925
29883
42283
32798
82529
39015
15198
91512
10659
52314
22396
16096
48803
57522
69374
4999
78952
54281
31867
50673
62876
94031
57653
13244
33511
20278
55767
84285
49469
84751
12919
6480
78069
31040
46072
67038
22030
21393
2514
39798
90366
37793
37473
17997
98782
81574
1976
5252
90472
99174
50128
1168
29691
54540
26896
19375
24494
12255
24776
87554
31747
87945
32915
73297
89870
93608
65887
12716
31273
94045
71713
46328
13791
7508
94489
53339
425
25900
38137
67599
44161
24757
4573
48865
22110
15016
20606
28319
54378
66365
20958
38743
22308
71228
40141
41523
14169
79685
88816
97051
22965
28495
99434
77297
74293
40430
13347
6209
87339
47959
86986
47635
91264
93884
71123
17838
89487
67011
44275
39515
62526
42218
90661
82978
63850
12875
45709
2010
59425
89122
94234
32243
25477
14174
91363
47114
16160
39272
34212
96965
64389
91692
84758
22153
44424
89741
44010
84152
84919
82928
95667
87713
16840
52509
68133
40278
16380
76126
88876
86098
7063
61436
88380
31482
1381
33907
96577
40181
75800
44787
94709
63194
29030
27521
15361
29305
52046
99117
67660
31563
49575
6420
79360
7109
49457
84388
12698
77271
91919
90675
24980
96316
88948
58422
46846
55126
83106
44262
62359
26562
96860
9571
93707
48763
14792
28323
71038
19701
70126
68435
73364
47697
9399
84045
49215
72722
22945
12874
45905
617
79083
96599
26191
2212
71132
27361
13754
61847
64691
71121
15130
68495
87633
9635
49912
96451
27793
21134
25503
23200
19531
14491
45094
35994
50167
61748
85321
81766
52660
20092
4568
41127
77305
49913
34529