781
349
2538
5976
2852
5201
6165
4349
665
7438
97
3667
4226
1399
9105
9522
8374
2762
497
3196
5469
1540
1020
3290
8067
2803
7234
1253
8185
5699
5902
4309
1180
1410
5557
650
6610
88
5283
1881
3922
6022
69
3618
8912
2123
70
7366
8930
2634
4624
6717
8535
5712
2471
4578
8604
4450
521
9482
8437
7725
4590
6845
4254
682
3306
3834
5708
1769
2831
8069
7139
5966
7494
5686
4303
2622
3103
2293
1705
4774
2103
3973
8207
6890
7477
5156
996
4424
2865
3419
4446
6999
2869
7356
5037
477
5668
5290
8068
6679
4271
2977
6421
2519
1264
3201
7176
4741
5003
6556
6349
7091
3818
3390
1354
9335
2370
3722
7487
2150
2331
9682
8563
5206
275
7218
1936
6900
3194
2782
4932
6972
7198
4559
5392
2013
4719
3189
6375
7075
3005
5074
5270
5045
4151
6272
4095
9510
5556
335
6051
4713
5254
6964
2602
1167
5399
5677
3222
9857
8732
5118
4473
830
8757
3629
9607
1310
3735
1716
3672
84
2584
9389
6820
602
5035
9651
8729
6084
1564
3296
4263
9635
4173
8521
9612
2701
4665
5176
7652
8229
8331
5001
6205
9982
1259
8859
6215
4668
856
2205
1110
1657
8227
7798
6619
1460
3585
3940
586
5615
3454
5293
7359
3479
5194
4680
595
6279
2297
1825
520
3694
2834
276
2816
950
6546
7171
4113
8511
632
2968
3311
6714
9411
5405
9736
8664
9165
7971
2962
6801
3048
3161
3821
7894
7667
7351
9437
5716
5850
8030
83
5706
73
9248
2413
7040
3081
622
438
8693
7799
8385
2226
1700
5316
2941
9933
363
8577
5032
7135
2346
2067
8785
8100
1787
7462
7863
6772
750
7832
2947
9356
9230
659
567
8856
8763
7550
9531
1561
5580
328
2111
8415
482
7714
142
8400
8811
3594
9661
4081
3598
2357
2630
8750
3575
8529
604
6149
2531
9904
8853
7254
2460
4244
5024
8292
3486
6721
4359
9767
5730
6781
2849
576
8512
5487
570
7195
1149
6228
4119
1116
2956
2591
8637
4852
3942
5104
9195
4575
1079
3911
4440
5636
8211
634
3786
4489
2256
7784
4605
4573
1767
1618
3615
4842
1865
226
6262
6860
6562
62
4340
6217
3460
9832
9337
7627
9152
5328
7773
7153
470
4766
2315
7511
2473
8230
8259
6241
923
7174
5620
8354
8140
2179
6208
6127
541
6759
2310
7005
9871
7376
948
2236
5768
4656
3167
9763
6865
454
1159
8038
3791
3238
3784
4307
8892
7880
9346
4467
7488
5541
9352
5778
3206
7548
9011
6377
9646
9509
4585
7866
3013
894
5
450
6575
2841
1923
3520
6812
7687
7694
8388
5207
8093
5802
9452
2891
7173
6175
4924
7997
1328
5973
4617
1496
434
8724
8402
2232
4892
2490
9841
3233
7976
6048
8976
7282
8816
6940
7092
7260
7706
9383
9571
3888
6090
3779
7501
2583
1622
7693
9250
2647
5964
4109
4033
202
6044
4664
4916
8945
933
3060
6698
2445
293
5060
319
8792
2649
292
7699
3163
9864
5193
3710
8758
1507
8525
402
7206
6390
6353
7146
8303
2189
2117
2916
2854
6220
3727
6916
1621
681
2535
5504
2943
8607
1981
3761
5782
8547
250
5520
7715
9989
7819
8711
9967
9810
2403
8006
5086
2230
6198
6244
2562
5406
8112
3499
8373
2062
2550
945
461
8854
3599
7763
2983
8263
7923
371
3110
5886
7106
773
9069
992
1481
5883
3713
4738
6913
3285
5809
7842
855
1696
8836
2764
5286
2790
931
882
9445
9371
5960
2600
8862
7023
6213
1269
1204
9116
9111
5741
9229
2670
5609
4503
5537
4172
618
4227
7738
9973
3199
1034
891
2201
1552
8940
5056
9929
9746
2468
8391
3444
9932
457
8245
728
4232
8174
1210
8249
2037
6756
3191
5681
767
9559
1258
5727
3420
6158
6883
4398
4649
6764
305
9591
1904
2198
4877
8436
6250
2050
4288
311
1882
4939
3872
8872
9816
1124
2042
8966
9615
1565
8616
3601
7338
7600
9704
1549
5958
2032
4746
66
4630
8186
3745
7011
2938
4994
456
9650
7101
2678
5334
6829
7403
7998
7471
3337
5783
9620
5459
390
8256
7404
3994
5993
7990
9905
339
5342
710
1795
8846
708
5267
2761
2040
179
880
8137
2149
7831
5473
3650
7621
3157
7201
5994
4707
4264
8694
5822
8634
1631
566
8559
3236
4546
628
2563
1288
71
4009
7349
4062
5854
6257
3616
8423
3466
3971
5824
7549
4616
4004
1681
4319
5150
4129
3328
433
1755
5939
9856
9318
5483
3797
1527
7052
354
6533
2276
5836
8799
914
9897
1658
3416
1089
8086
291
5506
3621
4652
6036
8844
4856
7808
6645
5508
5448
8895
3219
2304
9847
2601
1085
8128
2845
2963
7778
7326
2642
9378
964
6111
6389
5100
4458
3517
4768
225
3505
286
2934
2295
5130
8052
9782
6643
2951
2361
4464
7342
8032
6998
7289
1835
2115
4763
8931
4611
4223
7953
20
6291
6422
2906
3449
5367
5197
6130
1833
4051
9512
2177
67
6386
6053
6674
7160
6826
1789
5027
3166
2706
6752
942
9554
2975
5485
2437
1072
6587
2300
1071
9848
6240
4690
9508
1373
4156
3073
1296
6821
4084
8542
6886
2003
2723
9819
6796
7745
2408
364
2981
6875
683
6028
4087
4335
7081
4347
4815
3211
6429
5282
7161
5115
8791
5089
7558
480
6191
562
588
3533
2054
4313
2901
9172
9036
8477
8237
4961
7439
8027
5332
3899
4944
1301
4781
1685
9287
4745
799
4793
9141
2385
7556
5516
7069
7946
1286
5431
7592
2311
2923
4463
440
9488
101
1781
8921
9053
9712
8588
7814
1547
2623
934
1822
8367
9783
7401
7299
912
9535
6719
5663
4615
8261
2225
2725
6818
6725
7935
4657
2940
9288
357
2895
7424
2949
4412
33
7881
2798
6707
518
8145
9728
3696
8268
7399
9683
338
1274
4761
2418
7318
5925
1351
4796
4284
4876
7571
1735
3162
2625
9427
8342
7766
1677
2579
564
7033
1093
5646